1024 1 1.4561e-09
1024 2 1.45723e-09
1024 4 1.4576e-09
1024 8 1.45915e-09
1024 16 1.45824e-09
1024 32 1.45828e-09
1024 64 1.45888e-09
1024 128 1.45932e-09
1024 256 1.45784e-09
1024 512 1.45775e-09


2048 1 1.45737e-09
2048 2 1.45816e-09
2048 4 1.45649e-09
2048 8 1.45718e-09
2048 16 1.45687e-09
2048 32 1.45906e-09
2048 64 1.45824e-09
2048 128 1.45688e-09
2048 256 1.45726e-09
2048 512 1.45528e-09
2048 1024 1.45804e-09


4096 1 1.45796e-09
4096 2 1.45705e-09
4096 4 1.45609e-09
4096 8 1.45812e-09
4096 16 1.45769e-09
4096 32 1.4579e-09
4096 64 1.45721e-09
4096 128 1.45629e-09
4096 256 1.45686e-09
4096 512 1.45631e-09
4096 1024 1.45621e-09
4096 2048 1.45571e-09


8192 1 1.46428e-09
8192 2 1.46917e-09
8192 4 1.47364e-09
8192 8 1.4567e-09
8192 16 1.45799e-09
8192 32 1.45805e-09
8192 64 1.45922e-09
8192 128 1.45988e-09
8192 256 1.45674e-09
8192 512 1.45777e-09
8192 1024 1.45768e-09
8192 2048 1.45578e-09
8192 4096 1.45319e-09


16384 1 1.46483e-09
16384 2 1.47278e-09
16384 4 1.71165e-09
16384 8 1.95597e-09
16384 16 2.47882e-09
16384 32 2.7618e-09
16384 64 3.6339e-09
16384 128 5.50233e-09
16384 256 5.49629e-09
16384 512 5.50731e-09
16384 1024 5.49668e-09
16384 2048 1.4571e-09
16384 4096 1.45645e-09
16384 8192 1.45679e-09


32768 1 1.46489e-09
32768 2 1.47254e-09
32768 4 1.71614e-09
32768 8 1.95856e-09
32768 16 2.49369e-09
32768 32 2.78831e-09
32768 64 3.67388e-09
32768 128 5.59239e-09
32768 256 5.70552e-09
32768 512 5.87173e-09
32768 1024 6.1861e-09
32768 2048 6.18678e-09
32768 4096 2.12893e-09
32768 8192 1.45728e-09
32768 16384 1.4561e-09


65536 1 1.46358e-09
65536 2 1.47209e-09
65536 4 1.71559e-09
65536 8 1.9578e-09
65536 16 2.49667e-09
65536 32 2.7836e-09
65536 64 3.67716e-09
65536 128 5.60258e-09
65536 256 5.6967e-09
65536 512 5.87144e-09
65536 1024 6.1968e-09
65536 2048 6.18792e-09
65536 4096 6.18678e-09
65536 8192 2.12866e-09
65536 16384 1.45737e-09
65536 32768 1.45559e-09


131072 1 1.46348e-09
131072 2 1.47163e-09
131072 4 1.71288e-09
131072 8 1.95844e-09
131072 16 2.49193e-09
131072 32 2.78771e-09
131072 64 3.67434e-09
131072 128 5.60306e-09
131072 256 5.70242e-09
131072 512 5.87347e-09
131072 1024 6.20902e-09
131072 2048 6.19939e-09
131072 4096 6.19939e-09
131072 8192 6.19996e-09
131072 16384 2.12934e-09
131072 32768 1.45664e-09
131072 65536 1.4565e-09


262144 1 1.46571e-09
262144 2 1.47265e-09
262144 4 1.71747e-09
262144 8 1.9603e-09
262144 16 2.49728e-09
262144 32 2.79167e-09
262144 64 3.68577e-09
262144 128 5.5948e-09
262144 256 5.70744e-09
262144 512 5.87818e-09
262144 1024 6.18812e-09
262144 2048 6.18729e-09
262144 4096 6.18815e-09
262144 8192 6.18771e-09
262144 16384 6.19555e-09
262144 32768 2.12884e-09
262144 65536 1.45493e-09
262144 131072 1.45721e-09


524288 1 1.46601e-09
524288 2 1.47805e-09
524288 4 1.72294e-09
524288 8 1.97747e-09
524288 16 2.55454e-09
524288 32 2.93949e-09
524288 64 4.09906e-09
524288 128 5.86686e-09
524288 256 6.17987e-09
524288 512 6.85921e-09
524288 1024 7.5978e-09
524288 2048 7.60663e-09
524288 4096 7.62498e-09
524288 8192 7.62042e-09
524288 16384 7.62844e-09
524288 32768 7.60481e-09
524288 65536 3.72611e-09
524288 131072 1.45674e-09
524288 262144 1.4556e-09


1048576 1 1.46388e-09
1048576 2 1.47484e-09
1048576 4 1.7198e-09
1048576 8 1.96818e-09
1048576 16 2.51999e-09
1048576 32 2.84844e-09
1048576 64 3.87199e-09
1048576 128 5.68704e-09
1048576 256 5.84194e-09
1048576 512 6.19537e-09
1048576 1024 6.558e-09
1048576 2048 6.54697e-09
1048576 4096 6.56575e-09
1048576 8192 6.56348e-09
1048576 16384 6.55895e-09
1048576 32768 6.54703e-09
1048576 65536 6.67229e-09
1048576 131072 1.45659e-09
1048576 262144 1.45652e-09
1048576 524288 1.45709e-09


2097152 1 1.70203e-09
2097152 2 2.57844e-09
2097152 4 4.98733e-09
2097152 8 9.57805e-09
2097152 16 1.934e-08
2097152 32 4.46631e-08
2097152 64 6.24595e-08
2097152 128 9.94673e-08
2097152 256 9.94582e-08
2097152 512 9.98507e-08
2097152 1024 1.00371e-07
2097152 2048 6.74715e-08
2097152 4096 6.3972e-08
2097152 8192 6.14116e-08
2097152 16384 6.13554e-08
2097152 32768 5.92556e-08
2097152 65536 2.26828e-08
2097152 131072 5.50286e-09
2097152 262144 1.45632e-09
2097152 524288 1.45788e-09
2097152 1048576 1.45696e-09


4194304 1 1.73236e-09
4194304 2 2.71539e-09
4194304 4 5.14269e-09
4194304 8 1.0061e-08
4194304 16 2.07091e-08
4194304 32 4.88966e-08
4194304 64 6.92098e-08
4194304 128 1.10604e-07
4194304 256 1.10604e-07
4194304 512 1.10928e-07
4194304 1024 1.11828e-07
4194304 2048 1.03153e-07
4194304 4096 1.02403e-07
4194304 8192 1.02218e-07
4194304 16384 1.01758e-07
4194304 32768 1.01537e-07
4194304 65536 1.00492e-07
4194304 131072 5.9139e-08
4194304 262144 5.50844e-09
4194304 524288 1.45817e-09
4194304 1048576 1.45901e-09
4194304 2097152 1.4581e-09


8388608 1 1.73005e-09
8388608 2 2.71533e-09
8388608 4 5.14577e-09
8388608 8 1.00734e-08
8388608 16 2.07086e-08
8388608 32 4.88982e-08
8388608 64 6.88822e-08
8388608 128 1.1051e-07
8388608 256 1.10612e-07
8388608 512 1.1069e-07
8388608 1024 1.11162e-07
8388608 2048 1.06768e-07
8388608 4096 1.0642e-07
8388608 8192 1.05967e-07
8388608 16384 1.05941e-07
8388608 32768 1.05987e-07
8388608 65536 1.05515e-07
8388608 131072 1.0535e-07
8388608 262144 6.95963e-08
8388608 524288 5.50222e-09
8388608 1048576 1.45782e-09
8388608 2097152 1.45661e-09
8388608 4194304 1.45674e-09


16777216 1 1.73339e-09
16777216 2 2.70712e-09
16777216 4 5.13893e-09
16777216 8 1.00654e-08
16777216 16 2.06839e-08
16777216 32 4.89275e-08
16777216 64 6.86769e-08
16777216 128 1.10172e-07
16777216 256 1.10503e-07
16777216 512 1.10326e-07
16777216 1024 1.1091e-07
16777216 2048 1.08589e-07
16777216 4096 1.07106e-07
16777216 8192 1.07344e-07
16777216 16384 1.07298e-07
16777216 32768 1.07151e-07
16777216 65536 1.07447e-07
16777216 131072 1.0735e-07
16777216 262144 1.07809e-07
16777216 524288 8.06732e-08
16777216 1048576 5.50281e-09
16777216 2097152 1.45674e-09
16777216 4194304 1.45748e-09
16777216 8388608 1.4579e-09


